a = [4,-2,-4, 7;
     1, 5,-3, 2;
     8, 3,-9, 5;
     1, 3, 4, 8]
b = [2, 4,-7,-4;
     3, 6, 8, 2;
     6, 3,-7,-2;
     5,-6, 3,-1]
c = zeros(3,3,4)